species	sp.1	sp.1	sp.1	sp.1	sp.1	sp.1	sp.1	sp.1	sp.1	sp.1	sp.1	sp.1	sp.1	sp.1	sp.1	sp.1	sp.1	sp.1	sp.1	sp.1	sp.1	sp.1	sp.1	sp.1	sp.1	sp.1	sp.1	sp.1	sp.1	sp.1	sp.1	sp.1	sp.1	sp.2	sp.2	sp.2	sp.2	sp.2	sp.2	sp.2	sp.2	sp.2	sp.2	sp.2	sp.2	sp.2	sp.2	sp.2	sp.2	sp.2	sp.2	sp.2	sp.2	sp.3	sp.3	sp.3	sp.3	sp.3	sp.3	sp.3	sp.3	sp.3	sp.3	sp.4	sp.4	sp.4	sp.4	sp.4	sp.4	sp.4	sp.4	sp.4	sp.4	sp.5	sp.5	sp.5	sp.5	sp.5	sp.5	sp.5	sp.5	sp.5	sp.5	sp.5	sp.5	sp.6	sp.6	sp.6	sp.6	sp.6	sp.6	sp.6	sp.8	sp.8	sp.8	sp.8	sp.8	sp.8	sp.8	sp.8	sp.8	sp.8	sp.8	sp.7	sp.7	sp.7	sp.7	sp.7	sp.7	sp.10	sp.10	sp.10	sp.10	sp.10	sp.9	sp.9	sp.9	sp.9	sp.9	sp.9	sp.9	sp.9	sp.9	sp.9	sp.9	sp.9	sp.9	sp.11	sp.11	sp.11	sp.11	sp.11	sp.11	sp.11	sp.11	sp.12	sp.12	sp.12	sp.12	sp.12	sp.14	sp.14	sp.14	sp.14	sp.13	sp.13	sp.13	sp.15	sp.15	sp.15	sp.16	sp.16	sp.16	sp.16	sp.17	sp.17	sp.17	sp.17	sp.17	sp.17	sp.17	sp.18	sp.18	sp.18	sp.18	sp.18	sp.18	sp.18	sp.18	sp.18	sp.18	sp.18	sp.18	sp.19	sp.19	sp.19	sp.19	sp.20	sp.20	sp.20	sp.20	sp.20	sp.20	sp.20	sp.20
genotype	zOTU9	zOTU2	zOTU381	zOTU342	zOTU308	zOTU1	zOTU292	zOTU62	zOTU313	zOTU285	zOTU160	zOTU140	zOTU89	zOTU99	zOTU188	zOTU284	zOTU251	zOTU202	zOTU347	zOTU34	zOTU257	zOTU452	zOTU287	zOTU237	zOTU102	zOTU389	zOTU252	zOTU126	zOTU184	zOTU167	zOTU96	zOTU163	zOTU105	zOTU13	zOTU5	zOTU368	zOTU403	zOTU326	zOTU77	zOTU253	zOTU291	zOTU386	zOTU352	zOTU258	zOTU416	zOTU473	zOTU439	zOTU396	zOTU412	zOTU193	zOTU170	zOTU268	zOTU88	zOTU7	zOTU351	zOTU40	zOTU197	zOTU235	zOTU408	zOTU205	zOTU385	zOTU211	zOTU245	zOTU3	zOTU407	zOTU246	zOTU256	zOTU134	zOTU242	zOTU549	zOTU454	zOTU318	zOTU189	zOTU43	zOTU424	zOTU23	zOTU339	zOTU47	zOTU12	zOTU200	zOTU312	zOTU594	zOTU104	zOTU161	zOTU371	zOTU320	zOTU4	zOTU469	zOTU335	zOTU519	zOTU325	zOTU103	zOTU10	zOTU120	zOTU61	zOTU475	zOTU223	zOTU434	zOTU310	zOTU493	zOTU275	zOTU22	zOTU543	zOTU6	zOTU28	zOTU283	zOTU300	zOTU130	zOTU155	zOTU91	zOTU222	zOTU26	zOTU461	zOTU462	zOTU144	zOTU458	zOTU301	zOTU422	zOTU401	zOTU489	zOTU466	zOTU124	zOTU671	zOTU395	zOTU209	zOTU430	zOTU247	zOTU38	zOTU15	zOTU52	zOTU415	zOTU426	zOTU356	zOTU220	zOTU129	zOTU376	zOTU20	zOTU135	zOTU409	zOTU496	zOTU11	zOTU294	zOTU248	zOTU384	zOTU83	zOTU55	zOTU306	zOTU8	zOTU54	zOTU298	zOTU204	zOTU17	zOTU266	zOTU402	zOTU431	zOTU359	zOTU30	zOTU556	zOTU498	zOTU118	zOTU429	zOTU377	zOTU57	zOTU393	zOTU123	zOTU457	zOTU517	zOTU273	zOTU280	zOTU334	zOTU518	zOTU428	zOTU71	zOTU18	zOTU354	zOTU390	zOTU367	zOTU48	zOTU410	zOTU58	zOTU421	zOTU481	zOTU186	zOTU7001	zOTU127
spring_hay_meadow	0	0	0	0	0	0	0	0	0	0	0	0	0	0	0	0	0	0	0	0	0	0	0	0	0	0	0	0	0	0	0	0	0	0	0	0	0	0	0	0	0	0	0	0	0	0	0	0	0	0	0	0	0	3	0	1	0	0	0	0	1	0	0	2	0	0	0	0	0	0	0	0	0	0	0	2	1	1	1	1	0	0	0	1	0	0	0	0	0	0	0	0	4	0	0	0	0	0	0	0	0	2	0	0	0	0	0	0	0	3	2	3	0	0	0	1	0	0	0	0	0	1	0	0	0	0	0	0	0	0	0	0	0	0	0	1	3	0	0	0	13	1	0	1	0	0	0	12	0	1	0	0	0	0	0	0	1	1	1	0	0	0	0	0	0	0	0	0	0	0	0	0	0	1	0	0	0	0	0	0	0	0	0	0	0
spring_lakeside	0	0	0	0	0	0	0	0	0	0	0	0	0	0	0	0	0	0	0	0	0	0	0	0	0	0	0	0	0	0	0	0	0	0	0	0	0	0	0	0	0	0	0	0	0	0	0	0	0	0	0	0	0	22	1	5	1	1	0	0	0	0	0	1	1	0	0	0	0	0	0	0	0	0	0	2	0	0	20	0	2	1	0	0	0	0	0	0	0	0	0	0	2	0	0	1	0	0	0	0	0	4	0	0	0	0	0	0	0	0	0	0	0	0	0	0	0	0	0	0	0	0	0	0	0	0	0	0	0	0	0	0	0	0	0	0	2	0	0	0	0	0	0	0	0	5	1	0	0	0	6	0	0	0	0	1	0	0	0	0	0	0	0	0	0	0	0	0	0	0	0	0	0	0	0	0	0	3	1	2	1	0	0	0	0
spring_alpine_meadow	0	0	0	0	0	0	0	0	0	0	0	0	0	0	0	0	0	0	0	0	0	0	0	0	0	0	0	0	0	0	0	0	0	0	0	0	0	0	0	0	0	0	0	0	0	0	0	0	0	0	0	0	0	26	0	6	0	0	1	1	0	0	0	5	0	0	0	0	0	0	0	0	0	0	0	13	0	0	1	0	0	0	0	0	0	0	0	0	0	0	0	0	0	0	0	0	0	0	0	0	0	0	0	0	0	0	0	0	0	0	0	2	0	0	0	0	0	0	0	0	0	0	0	0	0	0	0	0	0	0	0	0	0	0	0	0	8	4	1	0	0	0	0	0	0	8	0	0	0	0	0	15	1	0	0	0	0	0	0	0	0	0	0	0	0	0	0	0	0	0	0	0	0	0	0	0	0	0	0	1	0	1	0	0	0
spring_shrubbery	0	0	0	0	0	0	0	0	0	0	0	0	0	0	0	0	0	0	0	0	0	0	0	0	0	0	0	0	0	0	0	0	0	0	1	0	0	0	0	0	0	0	0	0	0	0	0	0	0	0	0	0	0	10	0	1	1	0	0	0	0	1	0	8	0	1	0	0	0	0	0	0	0	0	0	2	0	5	1	0	0	0	1	1	0	0	0	0	0	0	0	0	2	0	3	0	0	1	0	0	0	3	0	0	0	0	0	0	0	3	0	6	0	1	0	0	0	1	1	1	1	0	0	1	0	0	0	0	0	0	0	0	0	0	0	0	9	0	0	1	0	0	0	0	0	1	0	1	0	0	0	0	0	0	0	1	6	0	0	0	0	0	0	0	0	0	0	0	0	0	0	0	0	0	0	0	0	6	0	1	0	0	0	0	1
spring_riverbank	0	0	0	0	0	0	0	0	0	0	0	0	0	0	0	0	0	0	0	0	0	0	0	0	0	0	0	0	0	0	0	0	0	0	0	0	0	0	0	0	0	0	0	0	0	0	0	0	0	0	0	0	0	1	0	1	1	1	0	0	0	0	0	9	0	0	2	1	0	0	0	0	0	0	0	1	0	2	6	0	0	0	2	0	0	0	0	0	0	0	0	0	4	0	1	0	1	0	0	1	1	3	0	3	0	0	0	0	0	2	0	5	1	0	0	0	4	0	0	0	0	0	1	0	0	0	0	0	0	0	0	0	0	0	0	0	3	0	0	0	13	0	1	0	0	0	0	6	0	1	0	1	0	1	0	0	4	0	1	2	0	0	0	0	0	0	0	0	0	0	0	0	0	0	0	0	0	2	0	0	0	0	2	1	0
spring_urban_garden	0	0	0	0	0	0	0	0	0	0	0	0	0	0	0	0	0	0	0	0	0	0	0	0	0	0	0	0	0	0	0	0	0	0	0	0	0	0	0	0	0	0	0	0	0	0	0	0	0	0	0	0	0	1	0	0	0	0	0	0	0	0	1	28	0	0	0	1	1	1	1	0	0	0	0	4	0	0	0	0	0	0	0	0	0	0	0	0	0	0	0	0	13	0	0	0	1	0	0	0	0	7	1	4	1	0	0	0	0	0	1	7	0	0	0	0	0	0	0	0	0	1	0	0	1	1	0	0	0	0	0	0	0	0	0	0	2	0	0	0	1	0	0	0	0	0	0	0	0	0	0	2	0	0	0	0	0	0	0	0	0	0	0	0	0	0	0	0	0	0	0	1	0	0	0	0	0	0	0	0	0	0	0	0	0
summer_hay_meadow	4	22	1	1	1	2	1	1	1	1	0	0	0	0	0	0	0	0	0	0	0	0	0	0	0	0	0	0	0	0	0	0	0	12	35	1	1	1	1	1	0	0	0	0	0	0	0	0	0	0	0	0	0	0	0	0	0	0	0	0	0	0	0	0	0	0	0	0	0	0	0	0	0	1	0	0	0	0	0	0	0	0	0	0	0	1	1	0	0	0	0	0	0	0	0	0	0	0	0	0	0	0	0	1	0	0	0	0	0	0	0	0	0	0	0	0	0	0	0	0	0	0	0	0	0	0	0	6	10	1	1	0	0	0	0	0	0	0	0	0	0	0	0	0	1	0	0	2	0	0	0	0	0	0	1	0	0	0	0	0	0	1	5	0	0	0	0	0	0	0	0	0	0	0	0	0	0	0	0	0	0	0	0	0	0
summer_lakeside	10	1	0	0	0	56	0	0	0	0	1	1	1	1	1	1	1	0	0	0	0	0	0	0	0	0	0	0	0	0	0	0	0	1	0	0	0	0	0	0	1	0	0	0	0	0	0	0	0	0	0	0	0	0	0	0	0	0	0	0	0	0	0	0	0	0	0	0	0	0	0	0	0	0	0	0	0	0	0	0	0	0	0	0	0	0	9	0	0	0	0	0	2	1	0	0	0	0	0	0	0	1	0	0	4	1	0	0	0	0	0	0	0	0	0	0	0	0	0	0	0	0	0	0	0	0	0	0	0	0	0	0	0	0	0	0	0	0	0	0	0	0	0	0	8	1	1	0	0	0	0	0	0	0	0	1	0	0	0	0	0	0	3	1	2	1	1	0	0	0	0	0	0	2	0	0	0	0	0	0	0	0	0	0	0
summer_alpine_meadow	3	0	0	0	0	25	0	0	0	0	0	0	0	3	0	0	0	1	1	0	0	0	0	0	0	0	0	0	0	0	0	0	0	15	12	0	0	0	5	1	0	1	1	1	1	0	0	0	0	0	0	0	0	0	0	0	0	0	0	0	0	0	0	1	0	0	0	0	0	0	0	0	0	0	1	0	0	0	0	0	0	0	0	0	0	0	23	1	1	1	0	0	0	0	0	0	0	0	0	0	0	0	0	1	4	0	0	0	0	0	0	0	0	0	0	0	0	0	0	0	0	0	0	0	0	0	0	0	0	0	0	0	0	0	0	0	0	0	0	0	0	0	0	0	0	0	0	0	0	0	0	0	0	0	0	0	0	0	0	0	0	0	0	0	0	0	0	0	0	0	0	0	0	10	1	0	0	0	0	0	0	0	0	0	0
summer_shrubbery	1	25	0	0	0	9	0	3	0	0	0	0	2	0	0	0	0	0	0	4	1	1	2	1	1	1	0	0	0	0	0	0	0	1	4	0	0	0	2	0	0	0	0	0	0	1	1	1	0	0	0	0	0	0	0	0	0	0	0	0	0	0	0	0	0	0	0	0	0	0	0	0	0	0	0	0	0	0	0	0	0	0	0	0	0	0	1	0	0	0	0	0	0	0	1	0	0	0	0	0	0	1	0	1	0	0	0	0	0	1	0	0	0	0	1	0	0	0	0	0	0	0	0	0	0	0	0	2	4	2	0	1	1	1	0	0	0	0	0	0	0	0	0	0	3	0	0	0	0	0	0	0	0	0	0	0	1	0	0	0	0	0	1	0	0	0	0	1	1	1	1	0	0	6	0	1	1	0	0	0	0	0	0	0	0
summer_riverbank	3	14	0	0	0	6	0	1	0	0	0	0	0	0	0	0	0	0	0	2	0	0	0	0	0	0	1	1	1	1	1	1	1	3	8	0	0	0	0	0	0	0	0	0	0	0	0	0	1	1	0	0	0	0	0	0	0	0	0	0	0	0	0	0	0	0	0	0	0	0	0	0	0	0	0	0	0	0	0	0	0	0	0	0	0	0	16	0	0	0	1	1	2	0	0	0	0	0	1	0	0	0	0	9	0	0	1	1	0	0	0	0	0	0	0	0	0	0	0	0	0	0	0	0	0	0	0	1	2	0	0	0	0	1	1	0	0	0	0	0	0	0	0	0	0	0	0	2	1	0	0	0	0	0	0	0	0	0	0	2	1	0	1	0	1	0	0	0	0	0	0	0	0	0	0	0	0	0	0	0	0	0	0	0	0
summer_urban_garden	1	0	0	0	0	0	0	0	0	0	0	0	0	0	0	0	0	0	0	0	0	0	0	0	0	0	0	0	0	0	0	0	0	1	4	0	0	0	0	0	0	0	0	0	0	0	0	0	0	0	1	1	1	0	0	0	0	0	0	0	0	0	0	13	0	0	0	0	0	0	0	1	1	2	0	0	0	0	0	0	0	0	0	0	1	0	0	0	0	0	0	0	4	0	0	0	0	0	0	0	0	1	0	12	1	0	0	0	1	0	0	2	0	0	0	0	0	0	0	0	0	1	0	0	0	0	1	0	2	1	0	0	0	0	0	0	0	0	0	0	0	0	0	0	0	0	0	0	0	0	0	0	0	0	0	0	2	0	0	0	0	0	0	0	0	0	0	0	0	0	0	0	1	0	0	0	0	0	0	0	0	0	0	0	0
